0 0.401542 0.580845 0.245877 0.675249
0 0.224423 0.808204 0.213389 0.190765
0 0.687101 0.688455 0.115759 0.152328
0 0.566137 0.715581 0.160395 0.149488
0 0.542638 0.799640 0.154963 0.165024
0 0.056874 0.807180 0.113345 0.160234
0 0.875077 0.820024 0.182090 0.091249
0 0.256144 0.698342 0.135382 0.127738
0 0.896099 0.715733 0.149096 0.126447
0 0.119278 0.695928 0.134094 0.060790
0 0.959306 0.780696 0.080529 0.068952
0 0.984096 0.688947 0.031030 0.119969
0 0.073819 0.772874 0.141599 0.157243
0 0.500484 0.806780 0.095481 0.162815
0 0.943063 0.839471 0.113047 0.066956
0 0.039416 0.673926 0.068284 0.079544
0 0.487442 0.672633 0.085264 0.107988
0 0.890730 0.740512 0.067342 0.079372
0 0.605506 0.658712 0.061368 0.069101
0 0.153495 0.661504 0.100164 0.065785
0 0.865156 0.717684 0.133162 0.139487
0 0.881183 0.662415 0.110405 0.068906
0 0.008263 0.677665 0.016406 0.097982
