0 0.141647 0.799228 0.119562 0.248095
0 0.583402 0.862735 0.346344 0.267030
0 0.432268 0.659369 0.135772 0.142277
0 0.216369 0.636022 0.112160 0.126753
0 0.732763 0.556337 0.091426 0.098486
0 0.554726 0.560927 0.084892 0.086396
0 0.980795 0.602689 0.037675 0.130646
0 0.929448 0.552294 0.105807 0.096504
0 0.220301 0.540118 0.053730 0.061893
0 0.640189 0.578994 0.095937 0.095087
0 0.077230 0.532374 0.051040 0.057263
0 0.350557 0.516246 0.049992 0.053406
0 0.401641 0.600767 0.082991 0.065162
0 0.727229 0.458811 0.040469 0.044393
0 0.395159 0.513949 0.028974 0.056902
0 0.011990 0.540297 0.023888 0.055113
0 0.466755 0.480776 0.040895 0.045979
0 0.626202 0.545774 0.069152 0.040545
0 0.687033 0.459145 0.029139 0.042164
0 0.987976 0.437724 0.023268 0.043381
0 0.966815 0.436346 0.035396 0.046288
