0 0.523764 0.684835 0.567225 0.421468
0 0.418529 0.241528 0.530896 0.288188
0 0.860435 0.526438 0.278146 0.409539
0 0.788199 0.860089 0.422215 0.277576
0 0.258012 0.889418 0.516024 0.221164
0 0.114408 0.233435 0.227422 0.407750
0 0.418527 0.395414 0.566877 0.278581
0 0.171482 0.494598 0.341330 0.332418
0 0.829233 0.356401 0.340341 0.356032
0 0.916299 0.765250 0.166489 0.254502
0 0.453435 0.863766 0.721239 0.270921
0 0.943091 0.614928 0.112711 0.140396
0 0.310598 0.816304 0.447148 0.335995
0 0.125010 0.679167 0.249909 0.533891
0 0.071474 0.693572 0.142857 0.555913
0 0.336359 0.776660 0.398801 0.256070
0 0.386562 0.228371 0.275544 0.162641
0 0.970619 0.107922 0.057998 0.104226
0 0.865406 0.095722 0.147417 0.191445
0 0.344224 0.161808 0.332907 0.261342
0 0.260338 0.159931 0.500340 0.256134
0 0.369736 0.049277 0.228071 0.098212
0 0.513923 0.395005 0.378834 0.276305
0 0.800994 0.095891 0.275136 0.191782
0 0.018582 0.823783 0.036998 0.303354
0 0.018606 0.918363 0.036838 0.116371
0 0.049022 0.311745 0.097522 0.208189
