0 0.478314 0.653245 0.288378 0.673711
0 0.209431 0.730121 0.418606 0.519496
0 0.697966 0.720591 0.302960 0.537690
0 0.940369 0.459316 0.118844 0.510897
0 0.714107 0.396053 0.178845 0.317903
0 0.973676 0.255156 0.051945 0.193693
0 0.088000 0.462071 0.175417 0.187083
0 0.826249 0.446037 0.115650 0.511265
0 0.652667 0.430359 0.139639 0.292774
0 0.476888 0.420354 0.191062 0.208801
0 0.528981 0.264716 0.152057 0.223662
0 0.187014 0.592388 0.270127 0.216357
0 0.204095 0.396320 0.255001 0.205189
0 0.232774 0.460255 0.294861 0.227778
0 0.826149 0.356886 0.114914 0.329256
0 0.414428 0.345489 0.147341 0.261853
0 0.050328 0.642117 0.100390 0.205885
0 0.042751 0.297439 0.085003 0.110278
