0 0.513604 0.722821 0.089587 0.112559
0 0.080774 0.671277 0.068670 0.069115
0 0.181735 0.627967 0.060385 0.073202
0 0.333584 0.618602 0.047302 0.068034
0 0.271481 0.851419 0.129755 0.151531
0 0.028435 0.611606 0.056614 0.074502
0 0.745172 0.686287 0.054986 0.042247
0 0.824897 0.824919 0.107532 0.156422
0 0.088577 0.710464 0.041105 0.066675
0 0.141631 0.709731 0.048755 0.059900
0 0.127155 0.581932 0.042099 0.064878
0 0.205806 0.729564 0.082374 0.092606
0 0.885643 0.793316 0.073427 0.143879
0 0.431799 0.581649 0.030411 0.062841
0 0.148058 0.620425 0.041008 0.068681
0 0.319166 0.768451 0.071766 0.067936
0 0.934550 0.555775 0.041148 0.056438
0 0.182300 0.828763 0.088135 0.137968
0 0.420607 0.679004 0.038842 0.075489
0 0.493096 0.572164 0.039660 0.062146
