0 0.883679 0.556767 0.114384 0.309978
0 0.489849 0.561904 0.175865 0.487500
0 0.784923 0.509277 0.105904 0.261056
0 0.717288 0.482746 0.083395 0.252804
0 0.608646 0.499225 0.084631 0.219553
0 0.256708 0.516682 0.138765 0.313563
0 0.124240 0.460173 0.092974 0.153590
0 0.335445 0.615751 0.120249 0.253648
0 0.046602 0.461106 0.070494 0.141358
0 0.373883 0.578141 0.100557 0.330914
0 0.378465 0.379150 0.102402 0.108896
0 0.311018 0.384297 0.068470 0.099147
0 0.175569 0.465213 0.055248 0.134038
0 0.007008 0.443217 0.014015 0.098765
