0 0.502926 0.656695 0.192546 0.466870
0 0.259931 0.670638 0.201053 0.354850
0 0.836938 0.668827 0.080284 0.331353
0 0.694815 0.648531 0.084704 0.388795
0 0.067734 0.665859 0.069678 0.165868
0 0.904000 0.641070 0.098426 0.292700
0 0.375667 0.665682 0.136593 0.357733
0 0.769583 0.668196 0.080227 0.329737
0 0.623249 0.649437 0.079473 0.358460
0 0.132980 0.652139 0.057610 0.173661
0 0.119985 0.545870 0.027694 0.103857
0 0.534992 0.513511 0.060161 0.048345
0 0.265751 0.525752 0.054094 0.040679
0 0.811656 0.535379 0.038984 0.106348
