0 0.347304 0.472565 0.208861 0.292997
0 0.469378 0.597880 0.110068 0.338670
0 0.665751 0.656398 0.107197 0.350221
0 0.530352 0.759555 0.079658 0.311614
0 0.585545 0.416890 0.076885 0.143038
0 0.576350 0.677786 0.113180 0.260939
0 0.373080 0.333098 0.066724 0.095838
0 0.526417 0.398335 0.058082 0.186874
0 0.754281 0.778936 0.108412 0.245232
0 0.453901 0.407154 0.151342 0.143021
0 0.754232 0.778921 0.109421 0.245344
0 0.433555 0.325714 0.059978 0.051736
0 0.328451 0.338627 0.033530 0.083025
0 0.567998 0.515621 0.127847 0.081013
