0 0.367031 0.582355 0.257520 0.269571
0 0.601873 0.616479 0.230447 0.252876
0 0.476451 0.360868 0.061701 0.073645
0 0.696580 0.369107 0.050195 0.064090
0 0.275660 0.359009 0.030778 0.075477
0 0.780573 0.354314 0.049713 0.048761
0 0.657214 0.355811 0.037395 0.036691
0 0.978551 0.387046 0.041987 0.083963
0 0.331791 0.365199 0.025085 0.043417
0 0.571854 0.364707 0.034791 0.024476
0 0.421088 0.365218 0.034540 0.027972
0 0.107791 0.370531 0.035676 0.029638
0 0.134148 0.369598 0.020491 0.029871
0 0.495612 0.515334 0.073164 0.167810
0 0.586868 0.504727 0.121333 0.105730
