0 0.274137 0.596162 0.461969 0.571855
0 0.681542 0.349370 0.293015 0.283345
0 0.639965 0.528335 0.264203 0.535376
0 0.884048 0.116027 0.119963 0.159496
0 0.057329 0.293192 0.055689 0.050674
0 0.782790 0.045495 0.067361 0.076303
0 0.262889 0.215819 0.053671 0.035939
0 0.675715 0.048101 0.025954 0.049969
0 0.149480 0.141556 0.033500 0.033782
0 0.498091 0.517751 0.061689 0.344192
0 0.711924 0.018953 0.019233 0.037905
0 0.456880 0.074495 0.020982 0.033859
0 0.298398 0.147281 0.030411 0.027215
0 0.082582 0.097499 0.019880 0.015854
0 0.317852 0.109911 0.019111 0.036020
0 0.297864 0.112829 0.019935 0.034118
