0 0.825413 0.648425 0.212407 0.270688
0 0.657005 0.618069 0.162342 0.256154
0 0.514363 0.639181 0.113237 0.199793
0 0.085837 0.645565 0.058733 0.128109
0 0.354179 0.635835 0.133095 0.216242
0 0.227373 0.657262 0.089341 0.136196
0 0.554557 0.691420 0.076735 0.124924
0 0.438445 0.643756 0.059599 0.173353
0 0.190508 0.625040 0.113453 0.170608
0 0.365900 0.683864 0.101880 0.107466
0 0.276067 0.668543 0.040968 0.108748
0 0.572812 0.593743 0.027561 0.086274
0 0.397285 0.684225 0.047568 0.106823
0 0.266768 0.669021 0.059742 0.110014
