0 0.586079 0.804783 0.266111 0.381962
0 0.203106 0.808692 0.325412 0.365563
0 0.418191 0.866732 0.138206 0.261812
0 0.718745 0.445259 0.075064 0.211565
0 0.242106 0.430575 0.022965 0.075024
0 0.631266 0.904823 0.214382 0.187276
0 0.719602 0.715383 0.093368 0.235885
0 0.431213 0.444465 0.016382 0.056420
0 0.077799 0.673272 0.155242 0.185264
0 0.175704 0.746805 0.241731 0.179264
0 0.764176 0.690778 0.119680 0.307279
0 0.750560 0.916671 0.138422 0.165644
0 0.876363 0.965891 0.209801 0.068191
0 0.196570 0.649098 0.176316 0.129697
0 0.377288 0.823515 0.118365 0.339474
0 0.062451 0.905915 0.124467 0.178443
0 0.511764 0.445683 0.012235 0.041872
