0 0.662878 0.636478 0.139074 0.266650
0 0.381618 0.727092 0.130032 0.224142
0 0.872573 0.617136 0.092683 0.223053
0 0.955906 0.579869 0.070640 0.210265
0 0.786256 0.643917 0.063406 0.223396
0 0.175886 0.694540 0.079924 0.181172
0 0.243066 0.657109 0.057572 0.212254
0 0.485327 0.747685 0.091441 0.315113
0 0.193335 0.580037 0.104162 0.131940
0 0.099971 0.686161 0.053604 0.198121
0 0.774042 0.594089 0.104232 0.182020
0 0.120258 0.583872 0.046082 0.141758
0 0.799317 0.274202 0.069269 0.087919
0 0.011583 0.598441 0.022927 0.145839
0 0.293454 0.593880 0.070308 0.148446
0 0.032170 0.706828 0.063963 0.138860
0 0.825091 0.441845 0.057794 0.113113
0 0.562285 0.773551 0.070732 0.159112
0 0.384586 0.525519 0.044259 0.104712
0 0.571618 0.586901 0.059291 0.163592
0 0.941038 0.471020 0.069447 0.117363
0 0.395887 0.680894 0.144920 0.210102
0 0.307773 0.455173 0.056839 0.094014
0 0.552060 0.652043 0.052902 0.101473
