0 0.691121 0.851819 0.458503 0.282851
0 0.800631 0.648522 0.294383 0.284624
0 0.139498 0.912111 0.277883 0.167283
0 0.744861 0.394346 0.378112 0.213560
0 0.238541 0.846183 0.405325 0.274946
0 0.317370 0.518946 0.347257 0.187896
0 0.585654 0.915476 0.440902 0.167758
0 0.265535 0.430391 0.376959 0.140481
0 0.156437 0.281876 0.311879 0.181055
0 0.950255 0.687339 0.098747 0.209597
0 0.101091 0.627733 0.201732 0.164702
0 0.892656 0.250099 0.214511 0.135633
0 0.389530 0.753215 0.226152 0.183077
0 0.858370 0.316093 0.282473 0.140130
0 0.938776 0.895347 0.121675 0.206277
0 0.087136 0.511682 0.173656 0.124467
0 0.597618 0.443987 0.434544 0.183856
0 0.586756 0.638517 0.441291 0.171311
0 0.695312 0.739052 0.403169 0.211905
0 0.059877 0.386409 0.119524 0.158422
0 0.945444 0.389501 0.108265 0.138826
0 0.878973 0.527973 0.236846 0.153915
0 0.343623 0.268562 0.364666 0.166720
0 0.269603 0.593718 0.238009 0.148850
0 0.622623 0.700130 0.519490 0.291811
0 0.471181 0.343686 0.257885 0.142212
0 0.858246 0.346900 0.282950 0.199441
0 0.638340 0.546012 0.341006 0.144446
0 0.309253 0.372900 0.225669 0.053324
0 0.651616 0.259406 0.229345 0.149256
0 0.932117 0.530722 0.135061 0.119584
0 0.107092 0.740965 0.213496 0.229500
0 0.621006 0.612670 0.371679 0.214473
