0 0.106991 0.675152 0.101801 0.303520
0 0.497333 0.765355 0.115677 0.259140
0 0.671305 0.771093 0.091339 0.229443
0 0.838495 0.749806 0.094941 0.248268
0 0.387111 0.662773 0.100513 0.255169
0 0.777318 0.707774 0.070540 0.242846
0 0.553544 0.593810 0.114966 0.256317
0 0.213265 0.651721 0.118680 0.300331
0 0.480551 0.937017 0.245976 0.125966
0 0.461893 0.620930 0.101241 0.267960
0 0.749241 0.516014 0.074353 0.158552
0 0.752753 0.639917 0.061562 0.194618
0 0.456757 0.312858 0.283082 0.492694
0 0.888101 0.678750 0.089299 0.240456
0 0.258824 0.666451 0.125720 0.272121
0 0.289019 0.643969 0.066317 0.223679
